100
19.910012351631927
-5.735599801213699
-4.752168398579704
-9.90461405782884
-17.96409023400652
19.464299420899465
0.20531810183078392
-15.288324377774538
17.229385180455544
11.96959228129478
11.9121720663736
-18.18513393199963
-6.7994577636142175
-11.993054666441822
-15.144887765520494
-12.692357697267568
0.025584722579200303
-8.956889963056156
-0.5570813363236446
-2.8414932556074746
-18.104234974497167
-3.6087423751587586
-5.606023837379762
-14.598838570942124
2.559546693328606
-11.654412038184457
-7.893826942526925
-17.54580054010169
-16.722182473213493
-3.676015810220573
14.509772775066772
-8.071546745120543
4.219332222773762
-3.432904901045486
-9.449191714638223
6.091343635394246
11.762328231077067
6.757283546401226
4.65545465240416
17.984148203994373
-1.919588218520957
-16.380872412916666
18.771874484304632
-11.307937325720712
-9.93443335841004
-13.974644167892865
-3.3848872392202694
-0.973990568343055
-10.54432278000287
14.741668748119594
-3.5021474603820053
-0.8770096138393839
-3.3632477509831844
8.981749277307436
-4.934874500444462
-6.668705800392502
14.149916382470607
17.165609128671832
1.6398276259656797
12.067734373999961
-5.242999405528597
-4.758766274245016
-11.33554736009675
3.754284487219678
10.961350286273898
13.975433802600207
-0.8710989279070773
-4.511577367832862
10.319314066289117
1.6263553722852606
-19.89220845955604
-18.46465804702976
0.8243566927110919
-3.543810848005407
-15.82243548040713
18.26810371497094
5.734712081165711
19.26824742528629
-11.722646537444316
-0.5090045953153997
5.033146350450064
-10.87123063564622
-15.094740647322098
-7.154844628002849
1.2390843755609815
14.878158747084896
-8.9908115598327
17.654323674407763
14.40462421309688
-11.009632054298972
-10.814208075260833
-4.152666546917594
19.88818121178366
18.22235012653433
-12.065568998287235
-6.010275968160217
-8.124710532120375
17.084109285570207
9.217748769098804
8.659212996610002
443.5953566597439
-26.1642578066672
-55.87270592920303
115.60632803391599
242.35224188480325
452.09464854799
-115.06045628937379
223.33215754687416
297.804213002126
186.06871467335452
54.70284094146858
159.908429572118
50.36239407713265
131.49405711891785
187.72030798188345
117.91916062064823
9.786281192306706
105.86986174740281
20.866566545248183
-50.36631976326713
312.5086595652171
-65.86012934223535
-36.04902097317023
236.56581159851206
19.764630388540258
185.78507098752272
-8.28872854440128
174.01237881367518
217.7812941018391
15.568630891166238
322.5768781166993
27.966346216587468
44.51502446467232
57.74053657221326
112.0478057370263
56.09939279518474
206.20636767833372
-39.9134269928236
91.01083378244164
426.52721078412696
28.862947197133956
214.201742277213
308.09537730923574
88.78125641344467
80.19379178472363
124.03457553067891
-66.33403529834419
45.375229347685895
53.30142286786235
298.0712006895191
22.56621815152178
-41.91668768785425
51.43741787286149
138.5349401189721
49.77930006986834
131.46248308519716
258.7280392131952
296.8444721803951
6.33045108619583
196.5547915591479
2.5586219862848303
21.107780561877277
97.63466692016891
6.081728542329071
162.13364098269332
177.71687632197057
13.277578115940686
3.4363920218657746
152.94079687124488
12.855528207553835
302.3795407640401
303.6430141888733
-79.53230386152254
56.62004537601102
143.6627569688029
425.9095795226001
2.7918908445141852
416.54929946032024
126.8741644746785
31.98216806064428
66.71822366519942
121.11866534000913
114.63239725206313
52.72245092913566
-3.367959702437571
184.32074428304196
-3.1473860875649535
310.5341427956344
210.18322001536768
172.43332556479544
104.14437643038976
76.3933670692801
437.45761892687534
389.04262930283477
192.97469145020096
-6.953337875786023
45.564164750752354
295.4016353928816
67.9746607305271
202.11828743165563
2
